1e-06  0.128812
2e-06  0.0921737
4e-06  0.0632109
8e-06  0.0413597
1.6e-05  0.0256902
3.2e-05  0.0150607
6.4e-05  0.00827743
0.000128  0.0042315
0.000256  0.00199328
0.000512  0.000855461
0.001024  0.000329874
0.002048  0.000112318
0.004096  3.30226e-05
0.008192  8.14097e-06
0.016384  1.6169e-06
0.032768  2.44448e-07
0.065536  2.58371e-08
0.131072  1.66402e-09
0.262144  5.09742e-11
0.524288  4.35985e-13
1.04858  2.22045e-16
2.09715  0
4.1943  0
8.38861  0
16.7772  0
33.5544  0
67.1089  0
134.218  0
268.435  0
536.871  0
1073.74  0
2147.48  0
4294.97  0
8589.93  0
17179.9  0
34359.7  0
68719.5  0
137439  0
274878  0
549756  0
1.09951e+06  0
2.19902e+06  0
4.39805e+06  0
8.79609e+06  0
1.75922e+07  0
3.51844e+07  0
7.03687e+07  0
1.40737e+08  0
2.81475e+08  0
5.6295e+08  0
1.1259e+09  0
2.2518e+09  0
4.5036e+09  0
9.0072e+09  0
1.80144e+10  0
3.60288e+10  0
7.20576e+10  0
1.44115e+11  0
2.8823e+11  0
5.76461e+11  0
1.15292e+12  0
2.30584e+12  0
4.61169e+12  0
9.22337e+12  0
1.84467e+13  0
3.68935e+13  0
7.3787e+13  0
1.47574e+14  0
2.95148e+14  0
5.90296e+14  0
1.18059e+15  0
2.36118e+15  0
4.72237e+15  0
9.44473e+15  0
1.88895e+16  0
3.77789e+16  0
7.55579e+16  0
1.51116e+17  0
3.02231e+17  0
6.04463e+17  0
1.20893e+18  0
2.41785e+18  0
4.8357e+18  0
9.67141e+18  0
1.93428e+19  0
3.86856e+19  0
7.73713e+19  0
1.54743e+20  0
3.09485e+20  0
6.1897e+20  0
1.23794e+21  0
2.47588e+21  0
4.95176e+21  0
9.90352e+21  0
1.9807e+22  0
3.96141e+22  0
7.92282e+22  0
1.58456e+23  0
3.16913e+23  0
6.33825e+23  0
